         0 246878
         1 27054
         2 11865
         4 55735
         8 46702
        16 464983
        32 432937
        64 616424
       128 1650159
       256 2791235
       512 4918733
      1024 5054409
      2048 5506340
      4096 4774482
      8192 3670073
     16384 2776060
     32768 1555737
     65536 815289
    131072 399278
    262144 246604
    524288 184692
   1048576 92530
   2097152 64512
   4194304 44211
   8388608 24444
  16777216 16016
  33554432 8905
  67108864 4303
 134217728 3376
 268435456 716
 536870912 980
1073741824 721
2147483648 242
4294967296  19
8589934592   1