         0 4556339
         1 1591893
         2 253501
         4 585044
         8 6154262
        16 3610603
        32 6638643
        64 7143141
       128 19636118
       256 17425686
       512 28491730
      1024 32802240
      2048 31505904
      4096 38992564
      8192 30021933
     16384 31301669
     32768 30099869
     65536 38903331
    131072 27289488
    262144 24683267
    524288 19530221
   1048576 6801139
   2097152 7378916
   4194304 3011276
   8388608 1649823
  16777216 924042
  33554432 620825
  67108864 456709
 134217728 309825
 268435456 169060
 536870912 99333
1073741824 80765
2147483648 38886
4294967296 17376
8589934592 2974
17179869184 1693
34359738368 546
68719476736 228
137438953472 132
274877906944  40
549755813888  18
1099511627776   3
2199023255552   1
4398046511104   1
